3 1 2018 12:31 138.02 92.02 105
3 2 2018 12:31 137.99 92.01 106
3 3 2018 12:31 137.95 91.99 107
3 4 2018 12:31 138.41 91.97 108
3 5 2018 12:31 137.88 91.96 107
3 6 2018 12:31 137.12 91.95 106
3 7 2018 12:31 137.80 91.94 107
3 8 2018 12:31 137.77 91.91 106
3 9 2018 12:31 137.74 91.89 105
3 10 2018 12:31 137.70 91.87 104
3 11 2018 12:31 137.66 91.85 103
3 12 2018 12:31 137.62 91.85 102
3 13 2018 12:31 137.59 91.83 102
3 14 2018 12:31 137.56 91.81 103
3 15 2018 12:31 137.52 91.79 104
3 16 2018 12:31 137.49 91.78 104
3 17 2018 12:31 137.45 91.75 105
3 18 2018 12:31 137.42 91.73 104
3 19 2018 12:31 137.39 91.71 103
3 20 2018 12:31 137.35 91.70 102
3 21 2018 12:31 137.32 91.67 103
3 22 2018 12:31 137.28 91.65 102
3 23 2018 12:31 137.25 91.63 103
3 24 2018 12:31 137.22 91.62 104
3 25 2018 12:31 137.18 91.59 104
3 26 2018 12:31 137.15 91.58 103
3 27 2018 12:31 137.11 91.56 103
3 28 2018 12:31 137.08 91.55 102
3 29 2018 12:31 137.05 91.53 103
3 30 2018 12:31 137.01 91.52 103
3 31 2018 12:31 136.98 91.50 104
4 1 2018 12:31 136.94 91.47 105
4 2 2018 12:31 136.90 91.46 105
4 3 2018 12:31 136.87 91.44 104
4 4 2018 12:31 136.83 91.42 105
4 5 2018 12:31 136.79 91.41 106
4 6 2018 12:31 136.75 91.38 106
4 7 2018 12:31 136.72 91.37 107
4 8 2018 12:31 136.69 91.35 106
4 9 2018 12:31 136.66 91.33 107
4 10 2018 12:31 136.62 91.31 107
4 11 2018 12:31 136.58 91.30 108
4 12 2018 12:31 136.55 91.27 109
4 13 2018 12:31 136.51 91.25 108
4 14 2018 12:31 136.48 91.23 107
4 15 2018 12:31 136.44 91.22 107
4 16 2018 12:31 136.41 91.19 106
4 17 2018 12:31 136.37 91.17 105
4 18 2018 12:31 136.33 91.14 105
4 19 2018 12:31 136.30 91.13 105
4 20 2018 12:31 136.27 91.11 104
4 21 2018 12:31 136.23 91.09 105
4 22 2018 12:31 136.20 91.06 104
4 23 2018 12:31 136.17 91.06 103
4 24 2018 12:31 136.13 91.04 102
4 25 2018 12:31 136.09 91.02 102
4 26 2018 12:31 136.06 91.01 101
4 27 2018 12:31 136.02 90.99 102
4 28 2018 12:31 135.99 90.96 102
4 29 2018 12:31 135.96 90.94 101
4 30 2018 12:31 135.92 90.92 100
5 1 2018 12:31 135.89 90.90 100
5 2 2018 12:31 135.86 90.88 101
5 3 2018 12:31 135.82 90.88 101
5 4 2018 12:31 135.79 90.85 102
5 5 2018 12:31 135.75 90.83 103
5 6 2018 12:31 135.71 90.81 104
5 7 2018 12:31 135.67 90.79 105
5 8 2018 12:31 135.64 90.78 106
5 9 2018 12:31 135.60 90.76 105
5 10 2018 12:31 135.57 90.73 104
5 11 2018 12:31 135.54 90.71 103
5 12 2018 12:31 135.50 90.71 102
5 13 2018 12:31 135.47 90.70 102
5 14 2018 12:31 135.43 90.68 102
5 15 2018 12:31 135.40 90.66 101
5 16 2018 12:31 135.36 90.65 102
5 17 2018 12:31 135.33 90.63 103
5 18 2018 12:31 135.29 90.61 104
5 19 2018 12:31 135.25 90.59 103
5 20 2018 12:31 135.22 90.57 102
5 21 2018 12:31 135.18 90.56 101
5 22 2018 12:31 135.15 90.53 101
5 23 2018 12:31 135.11 90.51 100
5 24 2018 12:31 135.08 90.50 101
5 25 2018 12:31 135.04 90.48 102
5 26 2018 12:31 135.01 90.47 101
5 27 2018 12:31 134.97 90.44 100
5 28 2018 12:31 134.94 90.43 101
5 29 2018 12:31 134.91 90.42 101
5 30 2018 12:31 134.88 90.40 101
5 31 2018 12:31 134.84 90.39 102
6 1 2018 12:31 134.80 90.36 103
6 2 2018 12:31 134.77 90.34 102
6 3 2018 12:31 134.73 90.32 103
6 4 2018 12:31 134.69 90.31 103
6 5 2018 12:31 134.65 90.30 103
6 6 2018 12:31 134.61 90.28 102
6 7 2018 12:31 134.58 90.28 103
6 8 2018 12:31 134.54 90.27 102
6 9 2018 12:31 134.51 90.26 103
6 10 2018 12:31 134.47 90.24 104
6 11 2018 12:31 134.43 90.23 103
6 12 2018 12:31 134.40 90.21 102
6 13 2018 12:31 134.37 90.19 101
6 14 2018 12:31 134.33 90.17 100
6 15 2018 12:31 134.30 90.14 100
6 16 2018 12:31 134.27 90.13 100
6 17 2018 12:31 134.23 90.12 99
6 18 2018 12:31 134.20 90.11 100
6 19 2018 12:31 134.16 90.10 100
6 20 2018 12:31 134.13 90.08 100
6 21 2018 12:31 134.10 90.07 101
6 22 2018 12:31 134.07 90.05 101
6 23 2018 12:31 134.03 90.04 102
6 24 2018 12:31 134.00 90.03 102
6 25 2018 12:31 133.96 90.01 102
6 26 2018 12:31 133.93 90.00 101
6 27 2018 12:31 133.89 89.98 102
6 28 2018 12:31 133.86 89.96 103
6 29 2018 12:31 133.82 89.94 102
6 30 2018 12:31 133.79 89.93 102
7 1 2018 12:31 133.75 89.90 102
7 2 2018 12:31 133.72 89.88 101
7 3 2018 12:31 133.68 89.85 102
7 4 2018 12:31 133.65 89.84 102
7 5 2018 12:31 133.61 89.83 103
7 6 2018 12:31 133.57 89.82 103
7 7 2018 12:31 133.54 89.80 103
7 8 2018 12:31 133.51 89.78 103
7 9 2018 12:31 133.47 89.78 102
7 10 2018 12:31 133.44 89.77 101
7 11 2018 12:31 133.40 89.76 101
7 12 2018 12:31 133.37 89.75 101
7 13 2018 12:31 133.33 89.73 100
7 14 2018 12:31 133.30 89.71 100
7 15 2018 12:31 133.27 89.71 101
7 16 2018 12:31 133.24 89.70 102
7 17 2018 12:31 133.20 89.68 101
7 18 2018 12:31 133.17 89.67 102
7 19 2018 12:31 133.13 89.66 103
7 20 2018 12:31 133.09 89.66 103
7 21 2018 12:31 133.06 89.65 102
7 22 2018 12:31 133.02 89.63 102
7 23 2018 12:31 132.99 89.62 102
7 24 2018 12:31 132.95 89.60 103
7 25 2018 12:31 132.92 89.58 104
7 26 2018 12:31 132.88 89.57 104
7 27 2018 12:31 132.84 89.54 105
7 28 2018 12:31 132.81 89.52 105
7 29 2018 12:31 132.77 89.52 106
7 30 2018 12:31 132.73 89.50 105
7 31 2018 12:31 132.70 89.49 106
8 1 2018 12:31 132.67 89.47 107
8 2 2018 12:31 132.63 89.46 107
8 3 2018 12:31 132.60 89.44 107
8 4 2018 12:31 132.56 89.43 108
8 5 2018 12:31 132.53 89.42 108
8 6 2018 12:31 132.49 89.42 108
8 7 2018 12:31 132.46 89.41 108
8 8 2018 12:31 132.42 89.39 108
8 9 2018 12:31 132.39 89.39 107
8 10 2018 12:31 132.36 89.37 108
8 11 2018 12:31 132.32 89.36 109
8 12 2018 12:31 132.29 89.35 109
8 13 2018 12:31 132.25 89.34 109
8 14 2018 12:31 132.22 89.31 110
8 15 2018 12:31 132.18 89.29 110
8 16 2018 12:31 132.15 89.28 109
8 17 2018 12:31 132.11 89.25 109
8 18 2018 12:31 132.08 89.25 110
8 19 2018 12:31 132.04 89.24 109
8 20 2018 12:31 132.00 89.23 109
8 21 2018 12:31 131.97 89.21 110
8 22 2018 12:31 131.94 89.20 109
8 23 2018 12:31 131.90 89.19 109
8 24 2018 12:31 131.86 89.18 110
8 25 2018 12:31 131.83 89.15 111
8 26 2018 12:31 131.80 89.14 110
8 27 2018 12:31 131.76 89.13 109
8 28 2018 12:31 131.73 89.12 109
8 29 2018 12:31 131.69 89.10 108
8 30 2018 12:31 131.66 89.09 109
8 31 2018 12:31 131.62 89.07 109
9 1 2018 12:31 131.59 89.04 109
9 2 2018 12:31 131.55 89.03 110
9 3 2018 12:31 131.52 89.02 111
9 4 2018 12:31 131.48 89.01 112
9 5 2018 12:31 131.44 88.99 111
9 6 2018 12:31 131.41 88.99 112
9 7 2018 12:31 131.37 88.98 111
9 8 2018 12:31 131.34 88.97 112
9 9 2018 12:31 131.31 88.94 113
9 10 2018 12:31 131.27 88.93 114
9 11 2018 12:31 131.23 88.90 113
9 12 2018 12:31 131.20 88.88 113
9 13 2018 12:31 131.16 88.86 113
9 14 2018 12:31 131.13 88.85 114
9 15 2018 12:31 131.09 88.83 114
9 16 2018 12:31 131.06 88.81 113
9 17 2018 12:31 131.02 88.78 114
9 18 2018 12:31 130.98 88.76 113
9 19 2018 12:31 130.94 88.74 113
9 20 2018 12:31 130.91 88.73 112
9 21 2018 12:31 130.88 88.71 111
9 22 2018 12:31 130.84 88.70 111
9 23 2018 12:31 130.81 88.69 111
9 24 2018 12:31 130.77 88.68 111
9 25 2018 12:31 130.74 88.67 110
9 26 2018 12:31 130.70 88.65 110
9 27 2018 12:31 130.67 88.63 110
9 28 2018 12:31 130.63 88.62 109
9 29 2018 12:31 130.60 88.60 109
9 30 2018 12:31 130.56 88.58 109
10 1 2018 12:31 130.52 88.57 110
10 2 2018 12:31 130.49 88.54 109
10 3 2018 12:31 130.45 88.52 109
10 4 2018 12:31 130.42 88.50 108
10 5 2018 12:31 130.39 88.47 109
10 6 2018 12:31 130.35 88.45 108
10 7 2018 12:31 130.31 88.43 108
10 8 2018 12:31 130.27 88.42 108
10 9 2018 12:31 130.24 88.41 107
10 10 2018 12:31 130.20 88.38 106
10 11 2018 12:31 130.16 88.37 105
10 12 2018 12:31 130.13 88.35 104
10 13 2018 12:31 130.10 88.35 104
10 14 2018 12:31 130.06 88.32 104
10 15 2018 12:31 130.03 88.31 105
10 16 2018 12:31 130.00 88.30 104
10 17 2018 12:31 129.96 88.27 104
10 18 2018 12:31 129.93 88.24 105
10 19 2018 12:31 129.90 88.22 106
10 20 2018 12:31 129.86 88.19 107
10 21 2018 12:31 129.83 88.17 106
10 22 2018 12:31 129.79 88.15 107
10 23 2018 12:31 129.75 88.15 107
10 24 2018 12:31 129.72 88.12 107
10 25 2018 12:31 129.68 88.12 106
10 26 2018 12:31 129.64 88.10 106
10 27 2018 12:31 129.61 88.07 107
10 28 2018 12:31 129.57 88.05 108
10 29 2018 12:31 129.54 88.03 108
10 30 2018 12:31 129.50 88.02 109
10 31 2018 12:31 129.46 88.00 110
11 1 2018 12:31 129.43 87.98 111
11 2 2018 12:31 129.40 87.96 110
11 3 2018 12:31 129.36 87.95 111
11 4 2018 12:31 129.33 87.94 110
11 5 2018 12:31 129.29 87.91 110
11 6 2018 12:31 129.25 87.89 110
11 7 2018 12:31 129.22 87.87 109
11 8 2018 12:31 129.18 87.85 109
11 9 2018 12:31 129.15 87.83 110
11 10 2018 12:31 129.11 87.81 111
11 11 2018 12:31 129.08 87.79 110
11 12 2018 12:31 129.04 87.78 109
11 13 2018 12:31 129.01 87.76 109
11 14 2018 12:31 128.97 87.75 108
11 15 2018 12:31 128.94 87.74 108
11 16 2018 12:31 128.90 87.71 109
11 17 2018 12:31 128.87 87.70 109
11 18 2018 12:31 128.84 87.68 109
11 19 2018 12:31 128.81 87.66 109
11 20 2018 12:31 128.77 87.65 109
11 21 2018 12:31 128.74 87.62 109
11 22 2018 12:31 128.70 87.60 109
11 23 2018 12:31 128.67 87.59 110
11 24 2018 12:31 128.64 87.57 109
11 25 2018 12:31 128.60 87.56 109
11 26 2018 12:31 128.57 87.55 110
11 27 2018 12:31 128.54 87.53 109
11 28 2018 12:31 128.51 87.51 110
11 29 2018 12:31 128.47 87.50 110
11 30 2018 12:31 128.43 87.50 111
12 1 2018 12:31 128.40 87.47 110
12 2 2018 12:31 128.36 87.44 110
12 3 2018 12:31 128.33 87.42 110
12 4 2018 12:31 128.29 87.40 109
12 5 2018 12:31 128.25 87.39 110
12 6 2018 12:31 128.22 87.36 109
12 7 2018 12:31 128.18 87.33 108
12 8 2018 12:31 128.15 87.31 108
12 9 2018 12:31 128.11 87.30 107
12 10 2018 12:31 128.07 87.29 106
12 11 2018 12:31 128.03 87.27 105
12 12 2018 12:31 128.00 87.26 104
12 13 2018 12:31 127.97 87.25 104
12 14 2018 12:31 127.94 87.24 105
12 15 2018 12:31 127.90 87.23 105
12 16 2018 12:31 127.87 87.22 106
12 17 2018 12:31 127.84 87.19 107
12 18 2018 12:31 127.80 87.16 106
12 19 2018 12:31 127.76 87.16 105
12 20 2018 12:31 127.72 87.15 106
12 21 2018 12:31 127.69 87.14 106
12 22 2018 12:31 127.65 87.12 106
12 23 2018 12:31 127.61 87.11 107
12 24 2018 12:31 127.58 87.09 107
12 25 2018 12:31 127.55 87.08 106
12 26 2018 12:31 127.51 87.06 105
12 27 2018 12:31 127.48 87.05 105
12 28 2018 12:31 127.45 87.02 105
12 29 2018 12:31 127.41 87.00 104
12 30 2018 12:31 127.38 86.99 104
12 31 2018 12:31 127.35 86.98 105
1 1 2019 12:31 127.31 86.96 104
1 2 2019 12:31 127.28 86.96 103
1 3 2019 12:31 127.24 86.93 102
1 4 2019 12:31 127.20 86.92 103
1 5 2019 12:31 127.17 86.89 103
1 6 2019 12:31 127.13 86.89 104
1 7 2019 12:31 127.10 86.87 104
1 8 2019 12:31 127.07 86.85 103
1 9 2019 12:31 127.03 86.82 103
1 10 2019 12:31 126.99 86.82 102
1 11 2019 12:31 126.96 86.80 103
1 12 2019 12:31 126.92 86.77 102
1 13 2019 12:31 126.88 86.76 101
1 14 2019 12:31 126.85 86.74 100
1 15 2019 12:31 126.82 86.73 99
1 16 2019 12:31 126.78 86.71 98
1 17 2019 12:31 126.74 86.70 99
1 18 2019 12:31 126.71 86.69 100
1 19 2019 12:31 126.68 86.67 101
1 20 2019 12:31 126.64 86.66 100
1 21 2019 12:31 126.60 86.63 100
1 22 2019 12:31 126.57 86.62 99
1 23 2019 12:31 126.54 86.59 100
1 24 2019 12:31 126.51 86.57 99
1 25 2019 12:31 126.47 86.56 98
1 26 2019 12:31 126.44 86.53 98
1 27 2019 12:31 126.40 86.53 97
1 28 2019 12:31 126.36 86.52 97
1 29 2019 12:31 126.33 86.49 98
1 30 2019 12:31 126.29 86.47 98
1 31 2019 12:31 126.26 86.44 97
2 1 2019 12:31 126.22 86.42 98
2 2 2019 12:31 126.19 86.41 97
2 3 2019 12:31 126.15 86.38 96
2 4 2019 12:31 126.12 86.37 96
2 5 2019 12:31 126.08 86.36 95
2 6 2019 12:31 126.05 86.34 95
2 7 2019 12:31 126.01 86.33 95
2 8 2019 12:31 125.98 86.31 96
2 9 2019 12:31 125.95 86.29 97
2 10 2019 12:31 125.92 86.28 98
2 11 2019 12:31 125.88 86.27 97
2 12 2019 12:31 125.84 86.25 96
2 13 2019 12:31 125.81 86.25 96
2 14 2019 12:31 125.77 86.23 95
2 15 2019 12:31 125.73 86.22 96
2 16 2019 12:31 125.69 86.20 95
2 17 2019 12:31 125.66 86.18 96
2 18 2019 12:31 125.63 86.15 96
2 19 2019 12:31 125.59 86.12 97
2 20 2019 12:31 125.56 86.12 97
2 21 2019 12:31 125.52 86.09 96
2 22 2019 12:31 125.49 86.07 97
2 23 2019 12:31 125.46 86.04 96
2 24 2019 12:31 125.42 86.03 97
2 25 2019 12:31 125.39 86.01 96
2 26 2019 12:31 125.35 85.99 96
2 27 2019 12:31 125.31 85.98 97
2 28 2019 12:31 125.27 85.96 96
3 1 2019 12:31 125.24 85.95 97
3 2 2019 12:31 125.20 85.93 96
3 3 2019 12:31 125.16 85.92 96
3 4 2019 12:31 125.12 85.91 96
3 5 2019 12:31 125.09 85.90 96
3 6 2019 12:31 125.06 85.89 96
3 7 2019 12:31 125.02 85.86 96
3 8 2019 12:31 124.98 85.85 97
3 9 2019 12:31 124.95 85.84 97
3 10 2019 12:31 124.92 85.83 98
3 11 2019 12:31 124.88 85.80 98
3 12 2019 12:31 124.85 85.80 99
3 13 2019 12:31 124.81 85.78 100
3 14 2019 12:31 124.77 85.77 100
3 15 2019 12:31 124.73 85.75 99