1-Mar-18 138.12 85.12 105
2-Mar-18 138.09 85.13 104
3-Mar-18 138.05 85.09 105
4-Mar-18 138.01 85.06 104
5-Mar-18 137.99 85.05 105
6-Mar-18 137.95 85.04 105
7-Mar-18 137.93 85.05 104
8-Mar-18 137.89 85.06 104
9-Mar-18 137.88 85.01 104
10-Mar-18 137.86 84.99 103
11-Mar-18 137.83 84.95 104
12-Mar-18 137.79 84.94 103
13-Mar-18 137.78 84.92 102
14-Mar-18 137.76 84.89 103
15-Mar-18 137.72 84.87 102
16-Mar-18 137.7 84.83 103
17-Mar-18 137.67 84.83 103
18-Mar-18 137.65 84.79 102
19-Mar-18 137.6 84.8 103
20-Mar-18 137.58 84.76 104
21-Mar-18 137.56 84.75 104
22-Mar-18 137.53 84.73 103
23-Mar-18 137.49 84.71 104
24-Mar-18 137.46 84.69 105
25-Mar-18 137.43 84.65 105
26-Mar-18 137.39 84.66 105
27-Mar-18 137.34 84.65 104
28-Mar-18 137.29 84.65 103
29-Mar-18 137.25 84.63 103
30-Mar-18 137.2 84.59 102
31-Mar-18 137.16 84.58 102
1-Apr-18 137.12 84.53 102
2-Apr-18 137.1 84.52 101
3-Apr-18 137.06 84.48 100
4-Apr-18 137.03 84.47 101
5-Apr-18 137 84.46 101
6-Apr-18 136.98 84.43 102
7-Apr-18 136.95 84.4 101
8-Apr-18 136.92 84.38 100
9-Apr-18 136.9 84.36 99
10-Apr-18 136.85 84.34 98
11-Apr-18 136.82 84.3 98
12-Apr-18 136.77 84.3 98
13-Apr-18 136.73 84.31 98
14-Apr-18 136.7 84.26 98
15-Apr-18 136.66 84.27 98
16-Apr-18 136.64 84.28 98
17-Apr-18 136.62 84.26 97
18-Apr-18 136.57 84.27 98
19-Apr-18 136.53 84.23 97
20-Apr-18 136.51 84.18 98
21-Apr-18 136.47 84.15 97
22-Apr-18 136.43 84.1 96
23-Apr-18 136.39 84.08 97
24-Apr-18 136.36 84.09 97
25-Apr-18 136.35 84.09 96
26-Apr-18 136.3 84.07 95
27-Apr-18 136.27 84.05 94
28-Apr-18 136.25 84 93
29-Apr-18 136.23 83.99 93
30-Apr-18 136.18 84 93
1-May-18 136.14 83.95 94
2-May-18 136.12 83.95 93
3-May-18 136.07 83.92 92
4-May-18 136.03 83.89 93
5-May-18 136 83.86 94
6-May-18 135.97 83.85 94
7-May-18 135.94 83.86 95
8-May-18 135.91 83.86 96
9-May-18 135.88 83.82 95
10-May-18 135.84 83.83 94
11-May-18 135.8 83.79 93
12-May-18 135.75 83.74 94
13-May-18 135.71 83.72 93
14-May-18 135.68 83.71 94
15-May-18 135.66 83.7 93
16-May-18 135.64 83.69 92
17-May-18 135.59 83.7 92
18-May-18 135.57 83.66 93
19-May-18 135.55 83.66 92
20-May-18 135.5 83.65 93
21-May-18 135.47 83.63 93
22-May-18 135.44 83.6 94
23-May-18 135.39 83.56 94
24-May-18 135.35 83.56 93
25-May-18 135.3 83.52 92
26-May-18 135.28 83.49 91
27-May-18 135.25 83.45 90
28-May-18 135.21 83.45 91
29-May-18 135.17 83.44 92
30-May-18 135.15 83.42 91
31-May-18 135.11 83.39 90
1-Jun-18 135.07 83.4 89
2-Jun-18 135.06 83.38 88
3-Jun-18 135.01 83.35 87
4-Jun-18 134.98 83.36 87
5-Jun-18 134.95 83.32 87
6-Jun-18 134.92 83.32 88
7-Jun-18 134.88 83.29 88
8-Jun-18 134.86 83.27 87
9-Jun-18 134.84 83.24 88
10-Jun-18 134.81 83.2 89
11-Jun-18 134.79 83.2 88
12-Jun-18 134.75 83.17 88
13-Jun-18 134.71 83.14 89
14-Jun-18 134.69 83.11 89
15-Jun-18 134.65 83.12 90
16-Jun-18 134.62 83.09 90
17-Jun-18 134.6 83.06 91
18-Jun-18 134.58 83.01 92
19-Jun-18 134.55 83.01 92
20-Jun-18 134.5 83 92
21-Jun-18 134.45 82.98 92
22-Jun-18 134.43 82.95 91
23-Jun-18 134.39 82.97 91
24-Jun-18 134.38 82.94 90
25-Jun-18 134.36 82.9 91
26-Jun-18 134.32 82.88 91
27-Jun-18 134.28 82.87 90
28-Jun-18 134.27 82.88 89
29-Jun-18 134.23 82.86 89
30-Jun-18 134.21 82.85 88
1-Jul-18 134.19 82.8 89
2-Jul-18 134.14 82.75 90
3-Jul-18 134.1 82.71 89
4-Jul-18 134.06 82.69 88
5-Jul-18 134.04 82.69 89
6-Jul-18 134.01 82.65 90
7-Jul-18 133.99 82.66 90
8-Jul-18 133.96 82.64 90
9-Jul-18 133.93 82.61 91
10-Jul-18 133.9 82.62 90
11-Jul-18 133.88 82.63 89
12-Jul-18 133.84 82.62 90
13-Jul-18 133.8 82.57 89
14-Jul-18 133.78 82.56 89
15-Jul-18 133.73 82.57 89
16-Jul-18 133.71 82.55 89
17-Jul-18 133.67 82.52 89
18-Jul-18 133.62 82.48 90
19-Jul-18 133.59 82.49 90
20-Jul-18 133.56 82.5 91
21-Jul-18 133.53 82.48 90
22-Jul-18 133.51 82.47 91
23-Jul-18 133.49 82.43 92
24-Jul-18 133.45 82.4 92
25-Jul-18 133.42 82.4 92
26-Jul-18 133.39 82.39 91
27-Jul-18 133.34 82.38 91
28-Jul-18 133.32 82.38 91
29-Jul-18 133.29 82.35 91
30-Jul-18 133.25 82.34 90
31-Jul-18 133.21 82.3 90
1-Aug-18 133.16 82.3 89
2-Aug-18 133.13 82.27 90
3-Aug-18 133.11 82.24 89
4-Aug-18 133.09 82.23 90
5-Aug-18 133.06 82.2 91
6-Aug-18 133.04 82.21 90
7-Aug-18 133.03 82.22 91
8-Aug-18 132.99 82.23 91
9-Aug-18 132.97 82.23 90
10-Aug-18 132.93 82.19 91
11-Aug-18 132.91 82.18 91
12-Aug-18 132.89 82.14 92
13-Aug-18 132.86 82.13 91
14-Aug-18 132.85 82.13 90
15-Aug-18 132.8 82.14 89
16-Aug-18 132.77 82.15 88
17-Aug-18 132.74 82.11 89
18-Aug-18 132.71 82.11 88
19-Aug-18 132.69 82.11 87
20-Aug-18 132.66 82.07 86
21-Aug-18 132.62 82.04 85
22-Aug-18 132.58 82 85
23-Aug-18 132.57 81.97 86
24-Aug-18 132.55 81.97 86
25-Aug-18 132.52 81.93 86
26-Aug-18 132.49 81.92 85
27-Aug-18 132.44 81.91 86
28-Aug-18 132.4 81.89 86
29-Aug-18 132.35 81.88 87
30-Aug-18 132.31 81.84 86
31-Aug-18 132.28 81.82 86
1-Sep-18 132.24 81.83 86
2-Sep-18 132.21 81.84 86
3-Sep-18 132.17 81.83 85
4-Sep-18 132.14 81.82 85
5-Sep-18 132.1 81.83 86
6-Sep-18 132.07 81.8 87
7-Sep-18 132.04 81.78 86
8-Sep-18 131.99 81.8 86
9-Sep-18 131.97 81.76 87
10-Sep-18 131.93 81.73 86
11-Sep-18 131.91 81.72 86
12-Sep-18 131.87 81.7 85
13-Sep-18 131.83 81.7 86
14-Sep-18 131.79 81.68 87
15-Sep-18 131.74 81.66 86
16-Sep-18 131.7 81.63 85
17-Sep-18 131.66 81.61 85
18-Sep-18 131.61 81.61 84
19-Sep-18 131.57 81.58 84
20-Sep-18 131.55 81.58 85
21-Sep-18 131.52 81.6 85
22-Sep-18 131.49 81.59 86
23-Sep-18 131.46 81.55 85
24-Sep-18 131.43 81.54 84
25-Sep-18 131.39 81.55 85
26-Sep-18 131.37 81.55 86
27-Sep-18 131.34 81.52 86
28-Sep-18 131.31 81.52 85
29-Sep-18 131.3 81.47 86
30-Sep-18 131.26 81.43 85
1-Oct-18 131.25 81.45 85
2-Oct-18 131.21 81.41 86
3-Oct-18 131.19 81.4 86
4-Oct-18 131.17 81.4 85
5-Oct-18 131.13 81.38 86
6-Oct-18 131.1 81.38 85
7-Oct-18 131.07 81.35 86
8-Oct-18 131.04 81.36 85
9-Oct-18 131.01 81.33 86
10-Oct-18 130.98 81.31 87
11-Oct-18 130.96 81.28 88
12-Oct-18 130.93 81.27 87
13-Oct-18 130.89 81.27 87
14-Oct-18 130.86 81.25 87
15-Oct-18 130.81 81.25 88
16-Oct-18 130.76 81.25 87
17-Oct-18 130.73 81.25 86
18-Oct-18 130.69 81.27 86
19-Oct-18 130.65 81.22 87
20-Oct-18 130.63 81.19 86
21-Oct-18 130.59 81.2 87
22-Oct-18 130.55 81.2 88
23-Oct-18 130.51 81.2 89
24-Oct-18 130.47 81.21 90
25-Oct-18 130.44 81.18 90
26-Oct-18 130.4 81.16 89
27-Oct-18 130.38 81.13 89
28-Oct-18 130.34 81.13 90
29-Oct-18 130.31 81.11 89
30-Oct-18 130.29 81.1 90
31-Oct-18 130.25 81.1 91
1-Nov-18 130.22 81.09 92
2-Nov-18 130.18 81.06 92
3-Nov-18 130.16 81.01 92
4-Nov-18 130.12 81 92
5-Nov-18 130.08 80.99 93
6-Nov-18 130.06 80.99 92
7-Nov-18 130.03 80.94 91
8-Nov-18 130.01 80.91 92
9-Nov-18 129.99 80.92 91
10-Nov-18 129.97 80.93 91
11-Nov-18 129.93 80.93 91
12-Nov-18 129.9 80.9 91
13-Nov-18 129.85 80.85 91
14-Nov-18 129.82 80.86 90
15-Nov-18 129.77 80.83 91
16-Nov-18 129.75 80.81 90
17-Nov-18 129.73 80.79 90
18-Nov-18 129.71 80.8 89
19-Nov-18 129.67 80.79 90
20-Nov-18 129.65 80.75 90
21-Nov-18 129.63 80.74 89
22-Nov-18 129.58 80.69 89
23-Nov-18 129.53 80.67 88
24-Nov-18 129.51 80.66 87
25-Nov-18 129.49 80.64 86
26-Nov-18 129.46 80.64 87
27-Nov-18 129.41 80.59 87
28-Nov-18 129.37 80.56 86
29-Nov-18 129.33 80.56 85
30-Nov-18 129.31 80.56 85
1-Dec-18 129.26 80.54 85
2-Dec-18 129.24 80.54 86
3-Dec-18 129.22 80.52 87
4-Dec-18 129.19 80.52 86
5-Dec-18 129.15 80.49 86
6-Dec-18 129.12 80.45 85
7-Dec-18 129.1 80.45 86
8-Dec-18 129.06 80.41 85
9-Dec-18 129.03 80.37 85
10-Dec-18 128.98 80.33 84
11-Dec-18 128.94 80.34 83
12-Dec-18 128.9 80.34 84
13-Dec-18 128.87 80.35 85
14-Dec-18 128.85 80.36 84
15-Dec-18 128.81 80.31 85
16-Dec-18 128.78 80.27 85
17-Dec-18 128.74 80.23 84
18-Dec-18 128.71 80.23 85
19-Dec-18 128.67 80.21 86
20-Dec-18 128.64 80.19 85
21-Dec-18 128.62 80.18 85
22-Dec-18 128.6 80.17 84
23-Dec-18 128.56 80.14 84
24-Dec-18 128.51 80.13 85
25-Dec-18 128.48 80.1 85
26-Dec-18 128.44 80.06 86
27-Dec-18 128.4 80.06 86
28-Dec-18 128.37 80.07 87
29-Dec-18 128.34 80.04 87
30-Dec-18 128.31 80 86
31-Dec-18 128.28 79.98 85
1-Jan-19 128.24 79.97 84
2-Jan-19 128.22 79.97 84
3-Jan-19 128.19 79.94 83
4-Jan-19 128.15 79.94 84
5-Jan-19 128.11 79.95 84
6-Jan-19 128.07 79.95 84
7-Jan-19 128.04 79.92 85
8-Jan-19 127.99 79.91 86
9-Jan-19 127.97 79.9 87
10-Jan-19 127.93 79.91 88
11-Jan-19 127.89 79.9 87
12-Jan-19 127.86 79.91 88
13-Jan-19 127.81 79.9 89
14-Jan-19 127.77 79.9 88
15-Jan-19 127.72 79.86 89
16-Jan-19 127.67 79.83 89
17-Jan-19 127.63 79.84 90
18-Jan-19 127.6 79.79 91
19-Jan-19 127.57 79.79 90
20-Jan-19 127.55 79.8 89
21-Jan-19 127.5 79.81 88
22-Jan-19 127.46 79.83 87
23-Jan-19 127.44 79.83 87
24-Jan-19 127.39 79.79 88
25-Jan-19 127.37 79.75 88
26-Jan-19 127.34 79.76 88
27-Jan-19 127.32 79.75 87
28-Jan-19 127.27 79.76 88
29-Jan-19 127.24 79.71 89
30-Jan-19 127.19 79.69 90
31-Jan-19 127.16 79.65 90
1-Feb-19 127.11 79.63 89
2-Feb-19 127.08 79.61 88
3-Feb-19 127.05 79.58 88
4-Feb-19 127.03 79.58 88
5-Feb-19 127.01 79.59 87
6-Feb-19 126.99 79.6 88
7-Feb-19 126.96 79.57 87
8-Feb-19 126.94 79.56 87
9-Feb-19 126.89 79.56 87
10-Feb-19 126.86 79.57 88
11-Feb-19 126.83 79.52 88
12-Feb-19 126.8 79.53 89
13-Feb-19 126.77 79.49 89
14-Feb-19 126.72 79.48 90
15-Feb-19 126.7 79.49 89
16-Feb-19 126.66 79.45 88
17-Feb-19 126.62 79.44 88
18-Feb-19 126.59 79.42 89
19-Feb-19 126.57 79.4 88
20-Feb-19 126.55 79.39 87
21-Feb-19 126.51 79.35 87
22-Feb-19 126.48 79.3 86
23-Feb-19 126.45 79.3 85
24-Feb-19 126.4 79.26 86
25-Feb-19 126.37 79.24 87
26-Feb-19 126.35 79.21 88
27-Feb-19 126.31 79.17 87
28-Feb-19 126.29 79.16 88
1-Mar-19 126.27 79.12 88
2-Mar-19 126.23 79.07 88
3-Mar-19 126.2 79.08 89
4-Mar-19 126.18 79.04 89
5-Mar-19 126.16 79 88
6-Mar-19 126.12 78.95 88
7-Mar-19 126.08 78.92 88
8-Mar-19 126.03 78.94 88
9-Mar-19 126 78.94 89
10-Mar-19 125.97 78.93 90
11-Mar-19 125.95 78.88 90
12-Mar-19 125.92 78.88 91
13-Mar-19 125.9 78.88 92
14-Mar-19 125.86 78.84 92
15-Mar-19 125.84 78.82 93
